Pack	time	censored	motherage	pups3mo	ads3mo	attempt	censor	maxtemp	mintemp	meantemp	rainfall	days	IBI4	monthly	rounded
Lolldaiga	260	no	NA	NA	NA	1	0	28.082	12.69	19.02	1.75	128	332	11.06666667	1
Lolldaiga	260	no	NA	NA	NA	1	0	28.082	12.69	19.02	1.75	128	332	11.06666667	2
Lolldaiga	260	no	NA	NA	NA	1	0	28.082	12.69	19.02	1.75	128	332	11.06666667	3
Lolldaiga	260	no	NA	NA	NA	1	0	28.082	12.69	19.02	1.75	128	332	11.06666667	4
Lolldaiga	260	no	NA	NA	NA	1	0	28.082	12.69	19.02	1.75	128	332	11.06666667	5
Lolldaiga	260	no	NA	NA	NA	1	0	28.082	12.69	19.02	1.75	128	332	11.06666667	6
Lolldaiga	260	no	NA	NA	NA	1	0	28.082	12.69	19.02	1.75	128	332	11.06666667	7
Lolldaiga	260	no	NA	NA	NA	1	0	28.082	12.69	19.02	1.75	128	332	11.06666667	8
Lolldaiga	260	no	NA	NA	NA	1	0	28.082	12.69	19.02	1.75	128	332	11.06666667	9
Lolldaiga	260	no	NA	NA	NA	1	0	28.082	12.69	19.02	1.75	128	332	11.06666667	10
Lolldaiga	260	no	NA	NA	NA	1	1	28.082	12.69	19.02	1.75	128	332	11.06666667	11
Lendile	253	no	49	NA	NA	2	0	28.686	12.57	19.51	1.41	186	325	10.83333333	1
Lendile	253	no	49	NA	NA	2	0	28.686	12.57	19.51	1.41	186	325	10.83333333	2
Lendile	253	no	49	NA	NA	2	0	28.686	12.57	19.51	1.41	186	325	10.83333333	3
Lendile	253	no	49	NA	NA	2	0	28.686	12.57	19.51	1.41	186	325	10.83333333	4
Lendile	253	no	49	NA	NA	2	0	28.686	12.57	19.51	1.41	186	325	10.83333333	5
Lendile	253	no	49	NA	NA	2	0	28.686	12.57	19.51	1.41	186	325	10.83333333	6
Lendile	253	no	49	NA	NA	2	0	28.686	12.57	19.51	1.41	186	325	10.83333333	7
Lendile	253	no	49	NA	NA	2	0	28.686	12.57	19.51	1.41	186	325	10.83333333	8
Lendile	253	no	49	NA	NA	2	0	28.686	12.57	19.51	1.41	186	325	10.83333333	9
Lendile	253	no	49	NA	NA	2	0	28.686	12.57	19.51	1.41	186	325	10.83333333	10
Lolldaiga	183.5	yes	NA	6	8	2	0	28.13	13.14	19.58	2.02	460	255.5	8.516666667	1
Lolldaiga	183.5	yes	NA	6	8	2	0	28.13	13.14	19.58	2.02	460	255.5	8.516666667	2
Lolldaiga	183.5	yes	NA	6	8	2	0	28.13	13.14	19.58	2.02	460	255.5	8.516666667	3
Lolldaiga	183.5	yes	NA	6	8	2	0	28.13	13.14	19.58	2.02	460	255.5	8.516666667	4
Lolldaiga	183.5	yes	NA	6	8	2	0	28.13	13.14	19.58	2.02	460	255.5	8.516666667	5
Lolldaiga	183.5	yes	NA	6	8	2	0	28.13	13.14	19.58	2.02	460	255.5	8.516666667	6
Lolldaiga	183.5	yes	NA	6	8	2	0	28.13	13.14	19.58	2.02	460	255.5	8.516666667	7
Lolldaiga	183.5	yes	NA	6	8	2	0	28.13	13.14	19.58	2.02	460	255.5	8.516666667	8
Lendile	249	no	34	5	13	3	0	28.483	11.98	19.2	0.8	511	321	10.7	1
Lendile	249	no	34	5	13	3	0	28.483	11.98	19.2	0.8	511	321	10.7	2
Lendile	249	no	34	5	13	3	0	28.483	11.98	19.2	0.8	511	321	10.7	3
Lendile	249	no	34	5	13	3	0	28.483	11.98	19.2	0.8	511	321	10.7	4
Lendile	249	no	34	5	13	3	0	28.483	11.98	19.2	0.8	511	321	10.7	5
Lendile	249	no	34	5	13	3	0	28.483	11.98	19.2	0.8	511	321	10.7	6
Lendile	249	no	34	5	13	3	0	28.483	11.98	19.2	0.8	511	321	10.7	7
Lendile	249	no	34	5	13	3	0	28.483	11.98	19.2	0.8	511	321	10.7	8
Lendile	249	no	34	5	13	3	0	28.483	11.98	19.2	0.8	511	321	10.7	9
Lendile	249	no	34	5	13	3	1	28.483	11.98	19.2	0.8	511	321	10.7	10
Sosian	247	no	39	5	5	1	0	28.562	12.21	19.53	0.56	557	319	10.63333333	1
Sosian	247	no	39	5	5	1	0	28.562	12.21	19.53	0.56	557	319	10.63333333	2
Sosian	247	no	39	5	5	1	0	28.562	12.21	19.53	0.56	557	319	10.63333333	3
Sosian	247	no	39	5	5	1	0	28.562	12.21	19.53	0.56	557	319	10.63333333	4
Sosian	247	no	39	5	5	1	0	28.562	12.21	19.53	0.56	557	319	10.63333333	5
Sosian	247	no	39	5	5	1	0	28.562	12.21	19.53	0.56	557	319	10.63333333	6
Sosian	247	no	39	5	5	1	0	28.562	12.21	19.53	0.56	557	319	10.63333333	7
Sosian	247	no	39	5	5	1	0	28.562	12.21	19.53	0.56	557	319	10.63333333	8
Sosian	247	no	39	5	5	1	0	28.562	12.21	19.53	0.56	557	319	10.63333333	9
Sosian	247	no	39	5	5	1	1	28.562	12.21	19.53	0.56	557	319	10.63333333	10
Lendile	285.5	no	34	8	6	4	1	28.286	13.63	19.56	3.99	832	357.5	11.91666667	1
Lendile	285.5	no	34	8	6	4	1	28.286	13.63	19.56	3.99	832	357.5	11.91666667	2
Lendile	285.5	no	34	8	6	4	1	28.286	13.63	19.56	3.99	832	357.5	11.91666667	3
Lendile	285.5	no	34	8	6	4	1	28.286	13.63	19.56	3.99	832	357.5	11.91666667	4
Lendile	285.5	no	34	8	6	4	1	28.286	13.63	19.56	3.99	832	357.5	11.91666667	5
Lendile	285.5	no	34	8	6	4	1	28.286	13.63	19.56	3.99	832	357.5	11.91666667	6
Lendile	285.5	no	34	8	6	4	1	28.286	13.63	19.56	3.99	832	357.5	11.91666667	7
Lendile	285.5	no	34	8	6	4	1	28.286	13.63	19.56	3.99	832	357.5	11.91666667	8
Lendile	285.5	no	34	8	6	4	1	28.286	13.63	19.56	3.99	832	357.5	11.91666667	9
Lendile	285.5	no	34	8	6	4	1	28.286	13.63	19.56	3.99	832	357.5	11.91666667	10
Lendile	285.5	no	34	8	6	4	1	28.286	13.63	19.56	3.99	832	357.5	11.91666667	11
Sosian	173.5	no	49	2	8	2	0	27.944	12.5	18.82	1.75	876	245.5	8.183333333	0
Sosian	173.5	no	49	2	8	2	0	27.944	12.5	18.82	1.75	876	245.5	8.183333333	1
Sosian	173.5	no	49	2	8	2	0	27.944	12.5	18.82	1.75	876	245.5	8.183333333	2
Sosian	173.5	no	49	2	8	2	0	27.944	12.5	18.82	1.75	876	245.5	8.183333333	3
Sosian	173.5	no	49	2	8	2	0	27.944	12.5	18.82	1.75	876	245.5	8.183333333	4
Sosian	173.5	no	49	2	8	2	0	27.944	12.5	18.82	1.75	876	245.5	8.183333333	5
Sosian	173.5	no	49	2	8	2	0	27.944	12.5	18.82	1.75	876	245.5	8.183333333	6
Sosian	173.5	no	49	2	8	2	0	27.944	12.5	18.82	1.75	876	245.5	8.183333333	7
Sosian	173.5	no	49	2	8	2	1	27.944	12.5	18.82	1.75	876	245.5	8.183333333	8
Tenais	366	no	26	7	8	1	0	28.369	12.06	19.33	2.1	955	438	14.6	0
Tenais	366	no	26	7	8	1	0	28.369	12.06	19.33	2.1	955	438	14.6	1
Tenais	366	no	26	7	8	1	0	28.369	12.06	19.33	2.1	955	438	14.6	2
Tenais	366	no	26	7	8	1	0	28.369	12.06	19.33	2.1	955	438	14.6	3
Tenais	366	no	26	7	8	1	0	28.369	12.06	19.33	2.1	955	438	14.6	4
Tenais	366	no	26	7	8	1	0	28.369	12.06	19.33	2.1	955	438	14.6	5
Tenais	366	no	26	7	8	1	0	28.369	12.06	19.33	2.1	955	438	14.6	6
Tenais	366	no	26	7	8	1	0	28.369	12.06	19.33	2.1	955	438	14.6	7
Tenais	366	no	26	7	8	1	0	28.369	12.06	19.33	2.1	955	438	14.6	8
Tenais	366	no	26	7	8	1	0	28.369	12.06	19.33	2.1	955	438	14.6	9
Tenais	366	no	26	7	8	1	0	28.369	12.06	19.33	2.1	955	438	14.6	10
Tenais	366	no	26	7	8	1	0	28.369	12.06	19.33	2.1	955	438	14.6	11
Tenais	366	no	26	7	8	1	0	28.369	12.06	19.33	2.1	955	438	14.6	12
Tenais	366	no	26	7	8	1	0	28.369	12.06	19.33	2.1	955	438	14.6	13
Tenais	366	no	26	7	8	1	1	28.369	12.06	19.33	2.1	955	438	14.6	14
Sosian	240.5	no	58	3	9	3	0	29.2	12.15	20.3	2.35	1122	312.5	10.41666667	1
Sosian	240.5	no	58	3	9	3	0	29.2	12.15	20.3	2.35	1122	312.5	10.41666667	2
Sosian	240.5	no	58	3	9	3	0	29.2	12.15	20.3	2.35	1122	312.5	10.41666667	3
Sosian	240.5	no	58	3	9	3	0	29.2	12.15	20.3	2.35	1122	312.5	10.41666667	4
Sosian	240.5	no	58	3	9	3	0	29.2	12.15	20.3	2.35	1122	312.5	10.41666667	5
Sosian	240.5	no	58	3	9	3	0	29.2	12.15	20.3	2.35	1122	312.5	10.41666667	6
Sosian	240.5	no	58	3	9	3	0	29.2	12.15	20.3	2.35	1122	312.5	10.41666667	7
Sosian	240.5	no	58	3	9	3	0	29.2	12.15	20.3	2.35	1122	312.5	10.41666667	8
Sosian	240.5	no	58	3	9	3	0	29.2	12.15	20.3	2.35	1122	312.5	10.41666667	9
Sosian	240.5	no	58	3	9	3	1	29.2	12.15	20.3	2.35	1122	312.5	10.41666667	10
Lendile	332.5	no	46	9	11	5	0	29.089	12.45	19.68	2.88	1190	404.5	13.48333333	1
Lendile	332.5	no	46	9	11	5	0	29.089	12.45	19.68	2.88	1190	404.5	13.48333333	2
Lendile	332.5	no	46	9	11	5	0	29.089	12.45	19.68	2.88	1190	404.5	13.48333333	3
Lendile	332.5	no	46	9	11	5	0	29.089	12.45	19.68	2.88	1190	404.5	13.48333333	4
Lendile	332.5	no	46	9	11	5	0	29.089	12.45	19.68	2.88	1190	404.5	13.48333333	5
Lendile	332.5	no	46	9	11	5	0	29.089	12.45	19.68	2.88	1190	404.5	13.48333333	6
Lendile	332.5	no	46	9	11	5	0	29.089	12.45	19.68	2.88	1190	404.5	13.48333333	7
Lendile	332.5	no	46	9	11	5	0	29.089	12.45	19.68	2.88	1190	404.5	13.48333333	8
Lendile	332.5	no	46	9	11	5	0	29.089	12.45	19.68	2.88	1190	404.5	13.48333333	9
Lendile	332.5	no	46	9	11	5	0	29.089	12.45	19.68	2.88	1190	404.5	13.48333333	10
Lendile	332.5	no	46	9	11	5	0	29.089	12.45	19.68	2.88	1190	404.5	13.48333333	11
Lendile	332.5	no	46	9	11	5	0	29.089	12.45	19.68	2.88	1190	404.5	13.48333333	12
Lendile	332.5	no	46	9	11	5	1	29.089	12.45	19.68	2.88	1190	404.5	13.48333333	13
Pyramid	299.5	no	37	11	5	1	0	29.068	11.7	19.07	1.66	1236	371.5	12.38333333	1
Pyramid	299.5	no	37	11	5	1	0	29.068	11.7	19.07	1.66	1236	371.5	12.38333333	2
Pyramid	299.5	no	37	11	5	1	0	29.068	11.7	19.07	1.66	1236	371.5	12.38333333	3
Pyramid	299.5	no	37	11	5	1	0	29.068	11.7	19.07	1.66	1236	371.5	12.38333333	4
Pyramid	299.5	no	37	11	5	1	0	29.068	11.7	19.07	1.66	1236	371.5	12.38333333	5
Pyramid	299.5	no	37	11	5	1	0	29.068	11.7	19.07	1.66	1236	371.5	12.38333333	6
Pyramid	299.5	no	37	11	5	1	0	29.068	11.7	19.07	1.66	1236	371.5	12.38333333	7
Pyramid	299.5	no	37	11	5	1	0	29.068	11.7	19.07	1.66	1236	371.5	12.38333333	8
Pyramid	299.5	no	37	11	5	1	0	29.068	11.7	19.07	1.66	1236	371.5	12.38333333	9
Pyramid	299.5	no	37	11	5	1	0	29.068	11.7	19.07	1.66	1236	371.5	12.38333333	10
Pyramid	299.5	no	37	11	5	1	0	29.068	11.7	19.07	1.66	1236	371.5	12.38333333	11
Pyramid	299.5	no	37	11	5	1	1	29.068	11.7	19.07	1.66	1236	371.5	12.38333333	12
Mugur	317	no	NA	NA	NA	2	0	27.106	12.52	18.97	2.59	1359	389	12.96666667	1
Mugur	317	no	NA	NA	NA	2	0	27.106	12.52	18.97	2.59	1359	389	12.96666667	2
Mugur	317	no	NA	NA	NA	2	0	27.106	12.52	18.97	2.59	1359	389	12.96666667	3
Mugur	317	no	NA	NA	NA	2	0	27.106	12.52	18.97	2.59	1359	389	12.96666667	4
Mugur	317	no	NA	NA	NA	2	0	27.106	12.52	18.97	2.59	1359	389	12.96666667	5
Mugur	317	no	NA	NA	NA	2	0	27.106	12.52	18.97	2.59	1359	389	12.96666667	6
Mugur	317	no	NA	NA	NA	2	0	27.106	12.52	18.97	2.59	1359	389	12.96666667	7
Mugur	317	no	NA	NA	NA	2	0	27.106	12.52	18.97	2.59	1359	389	12.96666667	8
Mugur	317	no	NA	NA	NA	2	0	27.106	12.52	18.97	2.59	1359	389	12.96666667	9
Mugur	317	no	NA	NA	NA	2	0	27.106	12.52	18.97	2.59	1359	389	12.96666667	10
Mugur	317	no	NA	NA	NA	2	0	27.106	12.52	18.97	2.59	1359	389	12.96666667	11
Mugur	317	no	NA	NA	NA	2	1	27.106	12.52	18.97	2.59	1359	389	12.96666667	12
Tenais	214.5	no	40	7	7	2	0	27.251	11.48	18.98	1.68	1393	286.5	9.55	1
Tenais	214.5	no	40	7	7	2	0	27.251	11.48	18.98	1.68	1393	286.5	9.55	2
Tenais	214.5	no	40	7	7	2	0	27.251	11.48	18.98	1.68	1393	286.5	9.55	3
Tenais	214.5	no	40	7	7	2	0	27.251	11.48	18.98	1.68	1393	286.5	9.55	4
Tenais	214.5	no	40	7	7	2	0	27.251	11.48	18.98	1.68	1393	286.5	9.55	5
Tenais	214.5	no	40	7	7	2	0	27.251	11.48	18.98	1.68	1393	286.5	9.55	6
Tenais	214.5	no	40	7	7	2	0	27.251	11.48	18.98	1.68	1393	286.5	9.55	7
Tenais	214.5	no	40	7	7	2	0	27.251	11.48	18.98	1.68	1393	286.5	9.55	8
Tenais	214.5	no	40	7	7	2	1	27.251	11.48	18.98	1.68	1393	286.5	9.55	9
Sosian	282.5	no	68	6	6	4	0	28.61	10.65	18.91	0.55	1434	354.5	11.81666667	1
Sosian	282.5	no	68	6	6	4	0	28.61	10.65	18.91	0.55	1434	354.5	11.81666667	2
Sosian	282.5	no	68	6	6	4	0	28.61	10.65	18.91	0.55	1434	354.5	11.81666667	3
Sosian	282.5	no	68	6	6	4	0	28.61	10.65	18.91	0.55	1434	354.5	11.81666667	4
Sosian	282.5	no	68	6	6	4	0	28.61	10.65	18.91	0.55	1434	354.5	11.81666667	5
Sosian	282.5	no	68	6	6	4	0	28.61	10.65	18.91	0.55	1434	354.5	11.81666667	6
Sosian	282.5	no	68	6	6	4	0	28.61	10.65	18.91	0.55	1434	354.5	11.81666667	7
Sosian	282.5	no	68	6	6	4	0	28.61	10.65	18.91	0.55	1434	354.5	11.81666667	8
Sosian	282.5	no	68	6	6	4	0	28.61	10.65	18.91	0.55	1434	354.5	11.81666667	9
Sosian	282.5	no	68	6	6	4	0	28.61	10.65	18.91	0.55	1434	354.5	11.81666667	10
Sosian	282.5	no	68	6	6	4	1	28.61	10.65	18.91	0.55	1434	354.5	11.81666667	11
Pontoon	273.5	no	30	6	4	1	0	29.082	10.59	18.53	0.46	1446	345.5	11.51666667	1
Pontoon	273.5	no	30	6	4	1	0	29.082	10.59	18.53	0.46	1446	345.5	11.51666667	2
Pontoon	273.5	no	30	6	4	1	0	29.082	10.59	18.53	0.46	1446	345.5	11.51666667	3
Pontoon	273.5	no	30	6	4	1	0	29.082	10.59	18.53	0.46	1446	345.5	11.51666667	4
Pontoon	273.5	no	30	6	4	1	0	29.082	10.59	18.53	0.46	1446	345.5	11.51666667	5
Pontoon	273.5	no	30	6	4	1	0	29.082	10.59	18.53	0.46	1446	345.5	11.51666667	6
Pontoon	273.5	no	30	6	4	1	0	29.082	10.59	18.53	0.46	1446	345.5	11.51666667	7
Pontoon	273.5	no	30	6	4	1	0	29.082	10.59	18.53	0.46	1446	345.5	11.51666667	8
Pontoon	273.5	no	30	6	4	1	0	29.082	10.59	18.53	0.46	1446	345.5	11.51666667	9
Pontoon	273.5	no	30	6	4	1	0	29.082	10.59	18.53	0.46	1446	345.5	11.51666667	10
Pontoon	273.5	no	30	6	4	1	1	29.082	10.59	18.53	0.46	1446	345.5	11.51666667	11
Lendile	180	no	96	3	14	6	0	27.319	12.69	18.76	1.13	1594	252	8.4	1
Lendile	180	no	96	3	14	6	0	27.319	12.69	18.76	1.13	1594	252	8.4	2
Lendile	180	no	96	3	14	6	0	27.319	12.69	18.76	1.13	1594	252	8.4	3
Lendile	180	no	96	3	14	6	0	27.319	12.69	18.76	1.13	1594	252	8.4	4
Lendile	180	no	96	3	14	6	0	27.319	12.69	18.76	1.13	1594	252	8.4	5
Lendile	180	no	96	3	14	6	0	27.319	12.69	18.76	1.13	1594	252	8.4	6
Lendile	180	no	96	3	14	6	0	27.319	12.69	18.76	1.13	1594	252	8.4	7
Lendile	180	no	96	3	14	6	1	27.319	12.69	18.76	1.13	1594	252	8.4	8
Tenais	230	yes	50	14	15	3	0	28.274	12.16	19.15	2.05	1679	302	10.06666667	1
Tenais	230	yes	50	14	15	3	0	28.274	12.16	19.15	2.05	1679	302	10.06666667	2
Tenais	230	yes	50	14	15	3	0	28.274	12.16	19.15	2.05	1679	302	10.06666667	3
Tenais	230	yes	50	14	15	3	0	28.274	12.16	19.15	2.05	1679	302	10.06666667	4
Tenais	230	yes	50	14	15	3	0	28.274	12.16	19.15	2.05	1679	302	10.06666667	5
Tenais	230	yes	50	14	15	3	0	28.274	12.16	19.15	2.05	1679	302	10.06666667	6
Tenais	230	yes	50	14	15	3	0	28.274	12.16	19.15	2.05	1679	302	10.06666667	7
Tenais	230	yes	50	14	15	3	0	28.274	12.16	19.15	2.05	1679	302	10.06666667	8
Tenais	230	yes	50	14	15	3	0	28.274	12.16	19.15	2.05	1679	302	10.06666667	9
Tenais	230	yes	50	14	15	3	0	28.274	12.16	19.15	2.05	1679	302	10.06666667	10
Bagines	153.5	no	24	5	3	1	0	27.845	11.78	19.53	0.57	1730	225.5	7.516666667	1
Bagines	153.5	no	24	5	3	1	0	27.845	11.78	19.53	0.57	1730	225.5	7.516666667	2
Bagines	153.5	no	24	5	3	1	0	27.845	11.78	19.53	0.57	1730	225.5	7.516666667	3
Bagines	153.5	no	24	5	3	1	0	27.845	11.78	19.53	0.57	1730	225.5	7.516666667	4
Bagines	153.5	no	24	5	3	1	0	27.845	11.78	19.53	0.57	1730	225.5	7.516666667	5
Bagines	153.5	no	24	5	3	1	0	27.845	11.78	19.53	0.57	1730	225.5	7.516666667	6
Bagines	153.5	no	24	5	3	1	1	27.845	11.78	19.53	0.57	1730	225.5	7.516666667	7
Mugur	165	yes	NA	9	15	3	0	27.546	11.41	19.44	0.43	1748	237	7.9	1
Mugur	165	yes	NA	9	15	3	0	27.546	11.41	19.44	0.43	1748	237	7.9	2
Mugur	165	yes	NA	9	15	3	0	27.546	11.41	19.44	0.43	1748	237	7.9	3
Mugur	165	yes	NA	9	15	3	0	27.546	11.41	19.44	0.43	1748	237	7.9	4
Mugur	165	yes	NA	9	15	3	0	27.546	11.41	19.44	0.43	1748	237	7.9	5
Mugur	165	yes	NA	9	15	3	0	27.546	11.41	19.44	0.43	1748	237	7.9	6
Mugur	165	yes	NA	9	15	3	0	27.546	11.41	19.44	0.43	1748	237	7.9	7
Pontoon	163.5	no	41	0	6	2	0	28.037	10.6	19.98	0.07	1792	235.5	7.85	1
Pontoon	163.5	no	41	0	6	2	0	28.037	10.6	19.98	0.07	1792	235.5	7.85	2
Pontoon	163.5	no	41	0	6	2	0	28.037	10.6	19.98	0.07	1792	235.5	7.85	3
Pontoon	163.5	no	41	0	6	2	0	28.037	10.6	19.98	0.07	1792	235.5	7.85	4
Pontoon	163.5	no	41	0	6	2	0	28.037	10.6	19.98	0.07	1792	235.5	7.85	5
Pontoon	163.5	no	41	0	6	2	0	28.037	10.6	19.98	0.07	1792	235.5	7.85	6
Pontoon	163.5	no	41	0	6	2	1	28.037	10.6	19.98	0.07	1792	235.5	7.85	7
Lendile	139	yes	NA	9	14	7	0	29.146	12.53	20.8	0.92	1846	211	7.033333333	1
Lendile	139	yes	NA	9	14	7	0	29.146	12.53	20.8	0.92	1846	211	7.033333333	2
Lendile	139	yes	NA	9	14	7	0	29.146	12.53	20.8	0.92	1846	211	7.033333333	3
Lendile	139	yes	NA	9	14	7	0	29.146	12.53	20.8	0.92	1846	211	7.033333333	4
Lendile	139	yes	NA	9	14	7	0	29.146	12.53	20.8	0.92	1846	211	7.033333333	5
Lendile	139	yes	NA	9	14	7	0	29.146	12.53	20.8	0.92	1846	211	7.033333333	6
Lendile	139	yes	NA	9	14	7	0	29.146	12.53	20.8	0.92	1846	211	7.033333333	7
Bagines	232.5	no	NA	NA	NA	2	1	28.542	12.78	19.4	1.76	1956	313.5	10.45	1
Bagines	233.5	no	NA	NA	NA	2	0	28.542	12.78	19.4	1.76	1956	313.5	10.45	2
Bagines	234.5	no	NA	NA	NA	2	0	28.542	12.78	19.4	1.76	1956	313.5	10.45	3
Bagines	235.5	no	NA	NA	NA	2	0	28.542	12.78	19.4	1.76	1956	313.5	10.45	4
Bagines	236.5	no	NA	NA	NA	2	0	28.542	12.78	19.4	1.76	1956	313.5	10.45	5
Bagines	237.5	no	NA	NA	NA	2	0	28.542	12.78	19.4	1.76	1956	313.5	10.45	6
Bagines	238.5	no	NA	NA	NA	2	0	28.542	12.78	19.4	1.76	1956	313.5	10.45	7
Bagines	239.5	no	NA	NA	NA	2	0	28.542	12.78	19.4	1.76	1956	313.5	10.45	8
Bagines	240.5	no	NA	NA	NA	2	0	28.542	12.78	19.4	1.76	1956	313.5	10.45	9
Bagines	241.5	no	NA	NA	NA	2	1	28.542	12.78	19.4	1.76	1956	313.5	10.45	10
Sosian	197.5	no	41	8	9	6	0	26.851	13.69	19.55	2.82	2095	277.5	9.25	1
Sosian	198.5	no	41	8	9	6	0	26.851	13.69	19.55	2.82	2095	277.5	9.25	2
Sosian	199.5	no	41	8	9	6	0	26.851	13.69	19.55	2.82	2095	277.5	9.25	3
Sosian	200.5	no	41	8	9	6	0	26.851	13.69	19.55	2.82	2095	277.5	9.25	4
Sosian	201.5	no	41	8	9	6	0	26.851	13.69	19.55	2.82	2095	277.5	9.25	5
Sosian	202.5	no	41	8	9	6	0	26.851	13.69	19.55	2.82	2095	277.5	9.25	6
Sosian	203.5	no	41	8	9	6	0	26.851	13.69	19.55	2.82	2095	277.5	9.25	7
Sosian	204.5	no	41	8	9	6	0	26.851	13.69	19.55	2.82	2095	277.5	9.25	8
Sosian	205.5	no	41	8	9	6	1	26.851	13.69	19.55	2.82	2095	277.5	9.25	9
Loisaba	291	no	50	12	10	2	0	28.396	11.72	20.27	0.71	2188	374	12.46666667	1
Loisaba	292	no	50	12	10	2	0	28.396	11.72	20.27	0.71	2188	374	12.46666667	2
Loisaba	293	no	50	12	10	2	0	28.396	11.72	20.27	0.71	2188	374	12.46666667	3
Loisaba	294	no	50	12	10	2	0	28.396	11.72	20.27	0.71	2188	374	12.46666667	4
Loisaba	295	no	50	12	10	2	0	28.396	11.72	20.27	0.71	2188	374	12.46666667	5
Loisaba	296	no	50	12	10	2	0	28.396	11.72	20.27	0.71	2188	374	12.46666667	6
Loisaba	297	no	50	12	10	2	0	28.396	11.72	20.27	0.71	2188	374	12.46666667	7
Loisaba	298	no	50	12	10	2	0	28.396	11.72	20.27	0.71	2188	374	12.46666667	8
Loisaba	299	no	50	12	10	2	0	28.396	11.72	20.27	0.71	2188	374	12.46666667	9
Loisaba	300	no	50	12	10	2	0	28.396	11.72	20.27	0.71	2188	374	12.46666667	10
Loisaba	301	no	50	12	10	2	0	28.396	11.72	20.27	0.71	2188	374	12.46666667	11
Loisaba	302	no	50	12	10	2	1	28.396	11.72	20.27	0.71	2188	374	12.46666667	12
Rat	288	no	55	9	9	2	0	28.866	11.62	20.47	0.36	2197	371	12.36666667	1
Rat	289	no	55	9	9	2	0	28.866	11.62	20.47	0.36	2197	371	12.36666667	2
Rat	290	no	55	9	9	2	0	28.866	11.62	20.47	0.36	2197	371	12.36666667	3
Rat	291	no	55	9	9	2	0	28.866	11.62	20.47	0.36	2197	371	12.36666667	4
Rat	292	no	55	9	9	2	0	28.866	11.62	20.47	0.36	2197	371	12.36666667	5
Rat	293	no	55	9	9	2	0	28.866	11.62	20.47	0.36	2197	371	12.36666667	6
Rat	294	no	55	9	9	2	0	28.866	11.62	20.47	0.36	2197	371	12.36666667	7
Rat	295	no	55	9	9	2	0	28.866	11.62	20.47	0.36	2197	371	12.36666667	8
Rat	296	no	55	9	9	2	0	28.866	11.62	20.47	0.36	2197	371	12.36666667	9
Rat	297	no	55	9	9	2	0	28.866	11.62	20.47	0.36	2197	371	12.36666667	10
Rat	298	no	55	9	9	2	0	28.866	11.62	20.47	0.36	2197	371	12.36666667	11
Rat	299	no	55	9	9	2	1	28.866	11.62	20.47	0.36	2197	371	12.36666667	12
Bagines	268.5	no	32	NA	NA	3	0	28.628	13.27	20	2.32	2269	350.5	11.68333333	1
Bagines	269.5	no	33	NA	NA	3	0	28.628	13.27	20	2.32	2269	350.5	11.68333333	2
Bagines	270.5	no	34	NA	NA	3	0	28.628	13.27	20	2.32	2269	350.5	11.68333333	3
Bagines	271.5	no	35	NA	NA	3	0	28.628	13.27	20	2.32	2269	350.5	11.68333333	4
Bagines	272.5	no	36	NA	NA	3	0	28.628	13.27	20	2.32	2269	350.5	11.68333333	5
Bagines	273.5	no	37	NA	NA	3	0	28.628	13.27	20	2.32	2269	350.5	11.68333333	6
Bagines	274.5	no	38	NA	NA	3	0	28.628	13.27	20	2.32	2269	350.5	11.68333333	7
Bagines	275.5	no	39	NA	NA	3	0	28.628	13.27	20	2.32	2269	350.5	11.68333333	8
Bagines	276.5	no	40	NA	NA	3	0	28.628	13.27	20	2.32	2269	350.5	11.68333333	9
Bagines	277.5	no	41	NA	NA	3	0	28.628	13.27	20	2.32	2269	350.5	11.68333333	10
Bagines	278.5	no	42	NA	NA	3	1	28.628	13.27	20	2.32	2269	350.5	11.68333333	11
Dalambo	271	no	34	5	5	1	0	28.084	13.16	19.44	2.27	2299	353	11.76666667	1
Dalambo	272	no	34	5	5	1	0	28.084	13.16	19.44	2.27	2299	353	11.76666667	2
Dalambo	273	no	34	5	5	1	0	28.084	13.16	19.44	2.27	2299	353	11.76666667	3
Dalambo	274	no	34	5	5	1	0	28.084	13.16	19.44	2.27	2299	353	11.76666667	4
Dalambo	275	no	34	5	5	1	0	28.084	13.16	19.44	2.27	2299	353	11.76666667	5
Dalambo	276	no	34	5	5	1	0	28.084	13.16	19.44	2.27	2299	353	11.76666667	6
Dalambo	277	no	34	5	5	1	0	28.084	13.16	19.44	2.27	2299	353	11.76666667	7
Dalambo	278	no	34	5	5	1	0	28.084	13.16	19.44	2.27	2299	353	11.76666667	8
Dalambo	279	no	34	5	5	1	0	28.084	13.16	19.44	2.27	2299	353	11.76666667	9
Dalambo	280	no	34	5	5	1	0	28.084	13.16	19.44	2.27	2299	353	11.76666667	10
Dalambo	281	no	34	5	5	1	1	28.084	13.16	19.44	2.27	2299	353	11.76666667	11
Sosian	248.5	no	50	7	11	7	0	27.679	12.53	18.74	2.45	2372	330.5	11.01666667	1
Sosian	249.5	no	50	7	11	7	0	27.679	12.53	18.74	2.45	2372	330.5	11.01666667	2
Sosian	250.5	no	50	7	11	7	0	27.679	12.53	18.74	2.45	2372	330.5	11.01666667	3
Sosian	251.5	no	50	7	11	7	0	27.679	12.53	18.74	2.45	2372	330.5	11.01666667	4
Sosian	252.5	no	50	7	11	7	0	27.679	12.53	18.74	2.45	2372	330.5	11.01666667	5
Sosian	253.5	no	50	7	11	7	0	27.679	12.53	18.74	2.45	2372	330.5	11.01666667	6
Sosian	254.5	no	50	7	11	7	0	27.679	12.53	18.74	2.45	2372	330.5	11.01666667	7
Sosian	255.5	no	50	7	11	7	0	27.679	12.53	18.74	2.45	2372	330.5	11.01666667	8
Sosian	256.5	no	50	7	11	7	0	27.679	12.53	18.74	2.45	2372	330.5	11.01666667	9
Sosian	257.5	no	50	7	11	7	0	27.679	12.53	18.74	2.45	2372	330.5	11.01666667	10
Sosian	258.5	no	50	7	11	7	1	27.679	12.53	18.74	2.45	2372	330.5	11.01666667	11
Loisaba	286	no	63	12	15	3	0	28.6	11.37	20.18	0.88	2562	369	12.3	1
Loisaba	287	no	63	12	15	3	0	28.6	11.37	20.18	0.88	2562	369	12.3	2
Loisaba	288	no	63	12	15	3	0	28.6	11.37	20.18	0.88	2562	369	12.3	3
Loisaba	289	no	63	12	15	3	0	28.6	11.37	20.18	0.88	2562	369	12.3	4
Loisaba	290	no	63	12	15	3	0	28.6	11.37	20.18	0.88	2562	369	12.3	5
Loisaba	291	no	63	12	15	3	0	28.6	11.37	20.18	0.88	2562	369	12.3	6
Loisaba	292	no	63	12	15	3	0	28.6	11.37	20.18	0.88	2562	369	12.3	7
Loisaba	293	no	63	12	15	3	0	28.6	11.37	20.18	0.88	2562	369	12.3	8
Loisaba	294	no	63	12	15	3	0	28.6	11.37	20.18	0.88	2562	369	12.3	9
Loisaba	295	no	63	12	15	3	0	28.6	11.37	20.18	0.88	2562	369	12.3	10
Loisaba	296	no	63	12	15	3	0	28.6	11.37	20.18	0.88	2562	369	12.3	11
Loisaba	297	no	63	12	15	3	1	28.6	11.37	20.18	0.88	2562	369	12.3	12
Rat	330	no	67	7	10	3	0	28.647	11.56	20.25	0.89	2568	414	13.8	1
Rat	331	no	67	7	10	3	0	28.647	11.56	20.25	0.89	2568	414	13.8	2
Rat	332	no	67	7	10	3	0	28.647	11.56	20.25	0.89	2568	414	13.8	3
Rat	333	no	67	7	10	3	0	28.647	11.56	20.25	0.89	2568	414	13.8	4
Rat	334	no	67	7	10	3	0	28.647	11.56	20.25	0.89	2568	414	13.8	5
Rat	335	no	67	7	10	3	0	28.647	11.56	20.25	0.89	2568	414	13.8	6
Rat	336	no	67	7	10	3	0	28.647	11.56	20.25	0.89	2568	414	13.8	7
Rat	337	no	67	7	10	3	0	28.647	11.56	20.25	0.89	2568	414	13.8	8
Rat	338	no	67	7	10	3	0	28.647	11.56	20.25	0.89	2568	414	13.8	9
Rat	339	no	67	7	10	3	0	28.647	11.56	20.25	0.89	2568	414	13.8	10
Rat	340	no	67	7	10	3	0	28.647	11.56	20.25	0.89	2568	414	13.8	11
Rat	341	no	67	7	10	3	0	28.647	11.56	20.25	0.89	2568	414	13.8	12
Rat	342	no	67	7	10	3	1	28.647	11.56	20.25	0.89	2568	414	13.8	13
Bagines	259.5	no	34	10	12	4	0	28.672	12.69	19.94	2.33	2620	341.5	11.38333333	1
Bagines	260.5	no	34	10	12	4	0	28.672	12.69	19.94	2.33	2620	341.5	11.38333333	2
Bagines	261.5	no	34	10	12	4	0	28.672	12.69	19.94	2.33	2620	341.5	11.38333333	3
Bagines	262.5	no	34	10	12	4	0	28.672	12.69	19.94	2.33	2620	341.5	11.38333333	4
Bagines	263.5	no	34	10	12	4	0	28.672	12.69	19.94	2.33	2620	341.5	11.38333333	5
Bagines	264.5	no	34	10	12	4	0	28.672	12.69	19.94	2.33	2620	341.5	11.38333333	6
Bagines	265.5	no	34	10	12	4	0	28.672	12.69	19.94	2.33	2620	341.5	11.38333333	7
Bagines	266.5	no	34	10	12	4	0	28.672	12.69	19.94	2.33	2620	341.5	11.38333333	8
Bagines	267.5	no	34	10	12	4	0	28.672	12.69	19.94	2.33	2620	341.5	11.38333333	9
Bagines	268.5	no	34	10	12	4	0	28.672	12.69	19.94	2.33	2620	341.5	11.38333333	10
Bagines	269.5	no	34	10	12	4	1	28.672	12.69	19.94	2.33	2620	341.5	11.38333333	11
Dalambo	353.5	yes	24	7	10	2	0	28.644	12.53	19.56	1.76	2652	438.5	14.61666667	1
Dalambo	354.5	yes	24	7	10	2	0	28.644	12.53	19.56	1.76	2652	438.5	14.61666667	2
Dalambo	355.5	yes	24	7	10	2	0	28.644	12.53	19.56	1.76	2652	438.5	14.61666667	3
Dalambo	356.5	yes	24	7	10	2	0	28.644	12.53	19.56	1.76	2652	438.5	14.61666667	4
Dalambo	357.5	yes	24	7	10	2	0	28.644	12.53	19.56	1.76	2652	438.5	14.61666667	5
Dalambo	358.5	yes	24	7	10	2	0	28.644	12.53	19.56	1.76	2652	438.5	14.61666667	6
Dalambo	359.5	yes	24	7	10	2	0	28.644	12.53	19.56	1.76	2652	438.5	14.61666667	7
Dalambo	360.5	yes	24	7	10	2	0	28.644	12.53	19.56	1.76	2652	438.5	14.61666667	8
Dalambo	361.5	yes	24	7	10	2	0	28.644	12.53	19.56	1.76	2652	438.5	14.61666667	9
Dalambo	362.5	yes	24	7	10	2	0	28.644	12.53	19.56	1.76	2652	438.5	14.61666667	10
Dalambo	363.5	yes	24	7	10	2	0	28.644	12.53	19.56	1.76	2652	438.5	14.61666667	11
Dalambo	364.5	yes	24	7	10	2	0	28.644	12.53	19.56	1.76	2652	438.5	14.61666667	12
Dalambo	365.5	yes	24	7	10	2	0	28.644	12.53	19.56	1.76	2652	438.5	14.61666667	13
Dalambo	366.5	yes	24	7	10	2	0	28.644	12.53	19.56	1.76	2652	438.5	14.61666667	14
Lebai	255	no	31	8	9	1	0	27.95	12.82	19.67	3.48	2808	337	11.23333333	1
Lebai	256	no	31	8	9	1	0	27.95	12.82	19.67	3.48	2808	337	11.23333333	2
Lebai	257	no	31	8	9	1	0	27.95	12.82	19.67	3.48	2808	337	11.23333333	3
Lebai	258	no	31	8	9	1	0	27.95	12.82	19.67	3.48	2808	337	11.23333333	4
Lebai	259	no	31	8	9	1	0	27.95	12.82	19.67	3.48	2808	337	11.23333333	5
Lebai	260	no	31	8	9	1	0	27.95	12.82	19.67	3.48	2808	337	11.23333333	6
Lebai	261	no	31	8	9	1	0	27.95	12.82	19.67	3.48	2808	337	11.23333333	7
Lebai	262	no	31	8	9	1	0	27.95	12.82	19.67	3.48	2808	337	11.23333333	8
Lebai	263	no	31	8	9	1	0	27.95	12.82	19.67	3.48	2808	337	11.23333333	9
Lebai	264	no	31	8	9	1	0	27.95	12.82	19.67	3.48	2808	337	11.23333333	10
Lebai	265	no	31	8	9	1	1	27.95	12.82	19.67	3.48	2808	337	11.23333333	11
Nomaki	193	no	45	10	7	1	0	27.807	12.41	19.7	2.9	2821	273	9.1	1
Nomaki	194	no	45	10	7	1	0	27.807	12.41	19.7	2.9	2821	273	9.1	2
Nomaki	195	no	45	10	7	1	0	27.807	12.41	19.7	2.9	2821	273	9.1	3
Nomaki	196	no	45	10	7	1	0	27.807	12.41	19.7	2.9	2821	273	9.1	4
Nomaki	197	no	45	10	7	1	0	27.807	12.41	19.7	2.9	2821	273	9.1	5
Nomaki	198	no	45	10	7	1	0	27.807	12.41	19.7	2.9	2821	273	9.1	6
Nomaki	199	no	45	10	7	1	0	27.807	12.41	19.7	2.9	2821	273	9.1	7
Nomaki	200	no	45	10	7	1	0	27.807	12.41	19.7	2.9	2821	273	9.1	8
Nomaki	201	no	45	10	7	1	1	27.807	12.41	19.7	2.9	2821	273	9.1	9
Sunflower	255	no	NA	4	3	1	0	27.652	11.23	19.6	1.89	2852	337	11.23333333	1
Sunflower	256	no	NA	4	3	1	0	27.652	11.23	19.6	1.89	2852	337	11.23333333	2
Sunflower	257	no	NA	4	3	1	0	27.652	11.23	19.6	1.89	2852	337	11.23333333	3
Sunflower	258	no	NA	4	3	1	0	27.652	11.23	19.6	1.89	2852	337	11.23333333	4
Sunflower	259	no	NA	4	3	1	0	27.652	11.23	19.6	1.89	2852	337	11.23333333	5
Sunflower	260	no	NA	4	3	1	0	27.652	11.23	19.6	1.89	2852	337	11.23333333	6
Sunflower	261	no	NA	4	3	1	0	27.652	11.23	19.6	1.89	2852	337	11.23333333	7
Sunflower	262	no	NA	4	3	1	0	27.652	11.23	19.6	1.89	2852	337	11.23333333	8
Sunflower	263	no	NA	4	3	1	0	27.652	11.23	19.6	1.89	2852	337	11.23333333	9
Sunflower	264	no	NA	4	3	1	0	27.652	11.23	19.6	1.89	2852	337	11.23333333	10
Sunflower	265	no	NA	4	3	1	1	27.652	11.23	19.6	1.89	2852	337	11.23333333	11
Mouse	266.5	no	NA	8	8	1	0	28.739	11.18	20.58	0.26	2905	348.5	11.61666667	1
Mouse	267.5	no	NA	8	8	1	0	28.739	11.18	20.58	0.26	2905	348.5	11.61666667	2
Mouse	268.5	no	NA	8	8	1	0	28.739	11.18	20.58	0.26	2905	348.5	11.61666667	3
Mouse	269.5	no	NA	8	8	1	0	28.739	11.18	20.58	0.26	2905	348.5	11.61666667	4
Mouse	270.5	no	NA	8	8	1	0	28.739	11.18	20.58	0.26	2905	348.5	11.61666667	5
Mouse	271.5	no	NA	8	8	1	0	28.739	11.18	20.58	0.26	2905	348.5	11.61666667	6
Mouse	272.5	no	NA	8	8	1	0	28.739	11.18	20.58	0.26	2905	348.5	11.61666667	7
Mouse	273.5	no	NA	8	8	1	0	28.739	11.18	20.58	0.26	2905	348.5	11.61666667	8
Mouse	274.5	no	NA	8	8	1	0	28.739	11.18	20.58	0.26	2905	348.5	11.61666667	9
Mouse	275.5	no	NA	8	8	1	0	28.739	11.18	20.58	0.26	2905	348.5	11.61666667	10
Mouse	276.5	no	NA	8	8	1	1	28.739	11.18	20.58	0.26	2905	348.5	11.61666667	11
Loisaba	236	no	75	11	21	4	0	29.514	12.02	21.28	0.26	2931	317	10.56666667	1
Loisaba	237	no	75	11	21	4	0	29.514	12.02	21.28	0.26	2931	317	10.56666667	2
Loisaba	238	no	75	11	21	4	0	29.514	12.02	21.28	0.26	2931	317	10.56666667	3
Loisaba	239	no	75	11	21	4	0	29.514	12.02	21.28	0.26	2931	317	10.56666667	4
Loisaba	240	no	75	11	21	4	0	29.514	12.02	21.28	0.26	2931	317	10.56666667	5
Loisaba	241	no	75	11	21	4	0	29.514	12.02	21.28	0.26	2931	317	10.56666667	6
Loisaba	242	no	75	11	21	4	0	29.514	12.02	21.28	0.26	2931	317	10.56666667	7
Loisaba	243	no	75	11	21	4	0	29.514	12.02	21.28	0.26	2931	317	10.56666667	8
Loisaba	244	no	75	11	21	4	0	29.514	12.02	21.28	0.26	2931	317	10.56666667	9
Loisaba	245	no	75	11	21	4	1	29.514	12.02	21.28	0.26	2931	317	10.56666667	10
Bagines	251	no	NA	6	24	5	0	29.927	12.9	21.69	0.04	2961	333	11.1	1
Bagines	252	no	NA	6	24	5	0	29.927	12.9	21.69	0.04	2961	333	11.1	2
Bagines	253	no	NA	6	24	5	0	29.927	12.9	21.69	0.04	2961	333	11.1	3
Bagines	254	no	NA	6	24	5	0	29.927	12.9	21.69	0.04	2961	333	11.1	4
Bagines	255	no	NA	6	24	5	0	29.927	12.9	21.69	0.04	2961	333	11.1	5
Bagines	256	no	NA	6	24	5	0	29.927	12.9	21.69	0.04	2961	333	11.1	6
Bagines	257	no	NA	6	24	5	0	29.927	12.9	21.69	0.04	2961	333	11.1	7
Bagines	258	no	NA	6	24	5	0	29.927	12.9	21.69	0.04	2961	333	11.1	8
Bagines	259	no	NA	6	24	5	0	29.927	12.9	21.69	0.04	2961	333	11.1	9
Bagines	260	no	NA	6	24	5	0	29.927	12.9	21.69	0.04	2961	333	11.1	10
Bagines	261	no	NA	6	24	5	1	29.927	12.9	21.69	0.04	2961	333	11.1	11
Rat	235	no	81	4	12	4	0	30.062	13.55	21.57	0.1	2982	316	10.53333333	1
Rat	236	no	81	4	12	4	0	30.062	13.55	21.57	0.1	2982	316	10.53333333	2
Rat	237	no	81	4	12	4	0	30.062	13.55	21.57	0.1	2982	316	10.53333333	3
Rat	238	no	81	4	12	4	0	30.062	13.55	21.57	0.1	2982	316	10.53333333	4
Rat	239	no	81	4	12	4	0	30.062	13.55	21.57	0.1	2982	316	10.53333333	5
Rat	240	no	81	4	12	4	0	30.062	13.55	21.57	0.1	2982	316	10.53333333	6
Rat	241	no	81	4	12	4	0	30.062	13.55	21.57	0.1	2982	316	10.53333333	7
Rat	242	no	81	4	12	4	0	30.062	13.55	21.57	0.1	2982	316	10.53333333	8
Rat	243	no	81	4	12	4	0	30.062	13.55	21.57	0.1	2982	316	10.53333333	9
Rat	244	no	81	4	12	4	1	30.062	13.55	21.57	0.1	2982	316	10.53333333	10
Nomaki	193.5	yes	34	NA	NA	2	0	29.977	12.82	20.24	0.26	3094	273.5	9.116666667	1
Nomaki	194.5	yes	35	NA	NA	2	0	29.977	12.82	20.24	0.26	3094	273.5	9.116666667	2
Nomaki	195.5	yes	36	NA	NA	2	0	29.977	12.82	20.24	0.26	3094	273.5	9.116666667	3
Nomaki	196.5	yes	37	NA	NA	2	0	29.977	12.82	20.24	0.26	3094	273.5	9.116666667	4
Nomaki	197.5	yes	38	NA	NA	2	0	29.977	12.82	20.24	0.26	3094	273.5	9.116666667	5
Nomaki	198.5	yes	39	NA	NA	2	0	29.977	12.82	20.24	0.26	3094	273.5	9.116666667	6
Nomaki	199.5	yes	40	NA	NA	2	0	29.977	12.82	20.24	0.26	3094	273.5	9.116666667	7
Nomaki	200.5	yes	41	NA	NA	2	0	29.977	12.82	20.24	0.26	3094	273.5	9.116666667	8
Nomaki	201.5	yes	42	NA	NA	2	0	29.977	12.82	20.24	0.26	3094	273.5	9.116666667	9
Lebai	310	no	42	7	10	2	0	29.123	13.57	20.75	0	3145	394	13.13333333	1
Lebai	311	no	42	7	10	2	0	29.123	13.57	20.75	0	3145	394	13.13333333	2
Lebai	312	no	42	7	10	2	0	29.123	13.57	20.75	0	3145	394	13.13333333	3
Lebai	313	no	42	7	10	2	0	29.123	13.57	20.75	0	3145	394	13.13333333	4
Lebai	314	no	42	7	10	2	0	29.123	13.57	20.75	0	3145	394	13.13333333	5
Lebai	315	no	42	7	10	2	0	29.123	13.57	20.75	0	3145	394	13.13333333	6
Lebai	316	no	42	7	10	2	0	29.123	13.57	20.75	0	3145	394	13.13333333	7
Lebai	317	no	42	7	10	2	0	29.123	13.57	20.75	0	3145	394	13.13333333	8
Lebai	318	no	42	7	10	2	0	29.123	13.57	20.75	0	3145	394	13.13333333	9
Lebai	319	no	42	7	10	2	0	29.123	13.57	20.75	0	3145	394	13.13333333	10
Lebai	320	no	42	7	10	2	0	29.123	13.57	20.75	0	3145	394	13.13333333	11
Lebai	321	no	42	7	10	2	0	29.123	13.57	20.75	0	3145	394	13.13333333	12
Lebai	322	no	42	7	10	2	1	29.123	13.57	20.75	0	3145	394	13.13333333	13
Sunflower	213	yes	NA	9	5	2	0	27.919	13.3	20.23	NA	3189	293	9.766666667	1
Sunflower	214	yes	NA	9	5	2	0	27.919	13.3	20.23	NA	3189	293	9.766666667	2
Sunflower	215	yes	NA	9	5	2	0	27.919	13.3	20.23	NA	3189	293	9.766666667	3
Sunflower	216	yes	NA	9	5	2	0	27.919	13.3	20.23	NA	3189	293	9.766666667	4
Sunflower	217	yes	NA	9	5	2	0	27.919	13.3	20.23	NA	3189	293	9.766666667	5
Sunflower	218	yes	NA	9	5	2	0	27.919	13.3	20.23	NA	3189	293	9.766666667	6
Sunflower	219	yes	NA	9	5	2	0	27.919	13.3	20.23	NA	3189	293	9.766666667	7
Sunflower	220	yes	NA	9	5	2	0	27.919	13.3	20.23	NA	3189	293	9.766666667	8
Sunflower	221	yes	NA	9	5	2	0	27.919	13.3	20.23	NA	3189	293	9.766666667	9
Loisaba	248	no	86	10	24	5	0	28.031	12.1	19.63	NA	3248	329	10.96666667	1
Loisaba	249	no	86	10	24	5	0	28.031	12.1	19.63	NA	3248	329	10.96666667	2
Loisaba	250	no	86	10	24	5	0	28.031	12.1	19.63	NA	3248	329	10.96666667	3
Loisaba	251	no	86	10	24	5	0	28.031	12.1	19.63	NA	3248	329	10.96666667	4
Loisaba	252	no	86	10	24	5	0	28.031	12.1	19.63	NA	3248	329	10.96666667	5
Loisaba	253	no	86	10	24	5	0	28.031	12.1	19.63	NA	3248	329	10.96666667	6
Loisaba	254	no	86	10	24	5	0	28.031	12.1	19.63	NA	3248	329	10.96666667	7
Loisaba	255	no	86	10	24	5	0	28.031	12.1	19.63	NA	3248	329	10.96666667	8
Loisaba	256	no	86	10	24	5	0	28.031	12.1	19.63	NA	3248	329	10.96666667	9
Loisaba	257	no	86	10	24	5	1	28.031	12.1	19.63	NA	3248	329	10.96666667	10
Andrews	243	no	NA	11	19	2	0	28.031	12.1	19.63	NA	3248	324	10.8	1
Andrews	244	no	NA	11	19	2	0	28.031	12.1	19.63	NA	3248	324	10.8	2
Andrews	245	no	NA	11	19	2	0	28.031	12.1	19.63	NA	3248	324	10.8	3
Andrews	246	no	NA	11	19	2	0	28.031	12.1	19.63	NA	3248	324	10.8	4
Andrews	247	no	NA	11	19	2	0	28.031	12.1	19.63	NA	3248	324	10.8	5
Andrews	248	no	NA	11	19	2	0	28.031	12.1	19.63	NA	3248	324	10.8	6
Andrews	249	no	NA	11	19	2	0	28.031	12.1	19.63	NA	3248	324	10.8	7
Andrews	250	no	NA	11	19	2	0	28.031	12.1	19.63	NA	3248	324	10.8	8
Andrews	251	no	NA	11	19	2	0	28.031	12.1	19.63	NA	3248	324	10.8	9
Andrews	252	no	NA	11	19	2	1	28.031	12.1	19.63	NA	3248	324	10.8	10
Mouse	184.5	no	49	5	8	2	0	28.038	11.95	19.52	NA	3254	263.5	8.783333333	1
Mouse	185.5	no	49	5	8	2	0	28.038	11.95	19.52	NA	3254	263.5	8.783333333	2
Mouse	186.5	no	49	5	8	2	0	28.038	11.95	19.52	NA	3254	263.5	8.783333333	3
Mouse	187.5	no	49	5	8	2	0	28.038	11.95	19.52	NA	3254	263.5	8.783333333	4
Mouse	188.5	no	49	5	8	2	0	28.038	11.95	19.52	NA	3254	263.5	8.783333333	5
Mouse	189.5	no	49	5	8	2	0	28.038	11.95	19.52	NA	3254	263.5	8.783333333	6
Mouse	190.5	no	49	5	8	2	0	28.038	11.95	19.52	NA	3254	263.5	8.783333333	7
Mouse	191.5	no	49	5	8	2	1	28.038	11.95	19.52	NA	3254	263.5	8.783333333	8
